7 2 6 9 3 4 8 5 1 
5 8 9 6 1 7 4 3 2 
3 4 1 2 8 5 7 6 9 
1 5 2 4 6 8 3 9 7 
4 3 7 1 9 2 6 8 5 
6 9 8 5 7 3 2 1 4 
2 1 3 7 5 6 9 4 8 
9 6 4 8 2 1 5 7 3 
8 7 5 3 4 9 1 2 6 
7 2 6 9 3 4 8 5 1 
5 8 9 6 1 7 4 3 2 
3 4 1 2 8 5 7 6 9 
1 5 2 4 6 8 3 9 7 
4 3 7 1 9 2 6 8 5 
6 9 8 5 7 3 2 1 4 
2 1 3 7 5 6 9 4 8 
9 6 4 8 2 1 5 7 3 
8 7 5 3 4 9 1 2 6 
7 2 6 9 3 4 8 5 1 
5 8 9 6 1 7 4 3 2 
3 4 1 2 8 5 7 6 9 
1 5 2 4 6 8 3 9 7 
4 3 7 1 9 2 6 8 5 
6 9 8 5 7 3 2 1 4 
2 1 3 7 5 6 9 4 8 
9 6 4 8 2 1 5 7 3 
8 7 5 3 4 9 1 2 6 
7 2 6 9 3 4 8 5 1 
5 8 9 6 1 7 4 3 2 
3 4 1 2 8 5 7 6 9 
1 5 2 4 6 8 3 9 7 
4 3 7 1 9 2 6 8 5 
6 9 8 5 7 3 2 1 4 
2 1 3 7 5 6 9 4 8 
9 6 4 8 2 1 5 7 3 
8 7 5 3 4 9 1 2 6 
7 2 6 9 3 4 8 5 1 
5 8 9 6 1 7 4 3 2 
3 4 1 2 8 5 7 6 9 
1 5 2 4 6 8 3 9 7 
4 3 7 1 9 2 6 8 5 
6 9 8 5 7 3 2 1 4 
2 1 3 7 5 6 9 4 8 
9 6 4 8 2 1 5 7 3 
8 7 5 3 4 9 1 2 6 
7 2 6 9 3 4 8 5 1 
5 8 9 6 1 7 4 3 2 
3 4 1 2 8 5 7 6 9 
1 5 2 4 6 8 3 9 7 
4 3 7 1 9 2 6 8 5 
6 9 8 5 7 3 2 1 4 
2 1 3 7 5 6 9 4 8 
9 6 4 8 2 1 5 7 3 
8 7 5 3 4 9 1 2 6 
7 2 6 9 3 4 8 5 1 
5 8 9 6 1 7 4 3 2 
3 4 1 2 8 5 7 6 9 
1 5 2 4 6 8 3 9 7 
4 3 7 1 9 2 6 8 5 
6 9 8 5 7 3 2 1 4 
2 1 3 7 5 6 9 4 8 
9 6 4 8 2 1 5 7 3 
8 7 5 3 4 9 1 2 6 
